1
3
/map files/FLOOR3.png
64
100 3250 200 150
0 3300 100 150
0 3450 50 150
0 3600 100 50
100 3650 200 50
300 3600 100 100
1250 3650 50 50
1300 3600 900 100
2300 3600 450 100
2200 3650 100 50
300 3350 2200 100
2500 2950 100 450
2750 3350 200 250
2600 2900 200 200
2950 3000 350 350
2800 2500 400 400
3300 2550 50 450
3100 2400 50 100
3100 2100 100 300
3300 2150 200 150
3300 2300 100 100
3100 1850 50 250
3100 1800 200 50
3300 1800 500 300
3800 1800 500 300
3800 1900 150 150
3950 1900 250 76
4450 1650 50 200
4500 1650 550 150
4500 2100 650 50
5150 1950 50 150
5300 1750 50 50 
5350 1700 150 50 
5500 1150 350 550
5300 100 50 1400
5500 400 600 600
6100 450 150 550
5850 1200 100 50 
5950 1150 750 50
6700 1200 150 50
6850 1150 850 50
7700 1200 150 50
7850 1150 150 50
5350 100 450 150
5800 100 50 100
5950 100 100 100
5850 100 100 150
6050 100 700 150
6250 400 250 600
6750 100 100 100 
6850 100 700 150
7550 100 200 100
7750 100 950 150
8700 100 50 300
8000 400 700 750
6500 400 1350 350 
6500 750 100 200 
6600 750 150 250 
6800 750 950 250 
6750 750 50 150 
7750 750 100 200 
4391 2000 14 16
4150 1900 50 75
3950 2000 5 100
9
4398 2010 3307 2556 4370 2500
4398 2010 4498 2106 4391 2121 
3400 2393 3592 2295 3403 2295
3955 2090 4190 1970 3955 1970
4164 1911 4431 1776 4164 1776
4455 1842 4341 1784 4455 1784
5158 1951 5326 1782 5326 1951
5307 1753 5351 1709 5351 1753 
5047 1792 5347 1495 5047 1495
